###################################### udx :  508 76 77,,,
###################################### udx :  6.597402597402597,,,
1,20,38,9
1,20,376,0
1,21,358,1
1,25,385,4
1,28,44,3
1,31,367,3
1,35,178,4
1,41,70,6
1,44,46,3
1,45,332,1
1,46,264,1
1,48,363,2
1,48,416,0
1,49,78,1
2,66,265,17
3,79,249,13
3,80,266,1
4,94,326,14
4,99,268,5
5,127,402,28
5,132,347,5
5,135,336,3
5,139,282,4
5,143,293,4
5,145,274,2
6,174,418,29
7,191,427,17
8,207,433,16
9,216,421,9
10,225,440,9
10,230,378,5
10,235,428,5
10,237,333,2
10,240,446,3
10,244,285,4
10,247,432,3
10,249,242,2
10,255,195,6
10,259,158,4
11,267,456,8
11,269,439,2
11,271,382,2
12,279,335,8
12,284,291,5
12,287,247,3
12,288,446,1
13,295,202,7
13,299,163,4
14,309,453,10
15,320,388,11
15,325,343,5
15,327,297,2
16,335,252,8
16,338,207,3
16,343,171,5
17,358,471,15
18,365,393,7
18,369,348,4
18,375,302,6
18,378,255,3
18,382,211,4
18,384,176,2
19,416,400,32
19,419,354,3
19,420,307,1
19,426,263,6
19,428,217,2
19,430,182,2
20,442,177,12
21,461,406,19
21,463,360,2
21,466,311,3
21,468,268,2
21,470,187,2
21,470,222,0
22,519,189,49
,245.9736842,299.0789474,6.684210526
######################################,,,


New

######################################
######################################
###################################### udx :  128 80 81
###################################### udx :  1.5802469135802468
0 , 238 , 409 , 0
0 , 238 , 428 , 0
0 , 238 , 443 , 0
0 , 239 , 330 , 1
0 , 239 , 344 , 0
0 , 239 , 363 , 0
0 , 239 , 376 , 0
1 , 252 , 330 , 13
1 , 252 , 379 , 0
1 , 253 , 346 , 1
1 , 253 , 362 , 0
1 , 254 , 393 , 1
1 , 254 , 411 , 0
1 , 254 , 426 , 0
1 , 254 , 444 , 0
1 , 254 , 459 , 0
2 , 268 , 344 , 14
2 , 268 , 395 , 0
2 , 268 , 428 , 0
2 , 268 , 459 , 0
3 , 270 , 329 , 2
3 , 270 , 362 , 0
3 , 270 , 377 , 0
3 , 270 , 411 , 0
3 , 270 , 444 , 0
4 , 284 , 329 , 14
5 , 286 , 346 , 2
5 , 286 , 362 , 0
5 , 286 , 378 , 0
5 , 286 , 393 , 0
5 , 286 , 411 , 0
5 , 286 , 426 , 0
5 , 286 , 443 , 0
5 , 287 , 459 , 1
6 , 300 , 362 , 13
6 , 300 , 409 , 0
6 , 300 , 428 , 0
6 , 300 , 459 , 0
6 , 301 , 443 , 1
6 , 302 , 329 , 1
6 , 302 , 346 , 0
6 , 302 , 378 , 0
6 , 302 , 393 , 0
7 , 316 , 329 , 14
7 , 316 , 346 , 0
7 , 316 , 362 , 0
7 , 317 , 411 , 1
7 , 317 , 426 , 0
7 , 318 , 378 , 1
7 , 318 , 393 , 0
7 , 319 , 442 , 1
7 , 319 , 459 , 0
8 , 325 , 297 , 6
9 , 332 , 362 , 7
9 , 333 , 426 , 1
9 , 333 , 442 , 0
9 , 333 , 459 , 0
9 , 334 , 329 , 1
9 , 334 , 346 , 0
9 , 334 , 378 , 0
9 , 334 , 394 , 0
9 , 335 , 411 , 1
10 , 347 , 329 , 12
10 , 348 , 344 , 1
10 , 349 , 409 , 1
10 , 350 , 362 , 1
10 , 350 , 378 , 0
10 , 351 , 395 , 1
10 , 351 , 426 , 0
10 , 351 , 444 , 0
10 , 352 , 459 , 1
11 , 364 , 346 , 12
11 , 364 , 360 , 0
11 , 365 , 378 , 1
11 , 365 , 393 , 0
11 , 365 , 411 , 0
11 , 366 , 126 , 1
11 , 366 , 426 , 0
11 , 366 , 445 , 0
11 , 366 , 459 , 0
######################################
######################################
###################################### udx :  273 80 81
###################################### udx :  3.3703703703703702
0 , 238 , 409 , 0
0 , 238 , 428 , 0
0 , 238 , 443 , 0
0 , 239 , 330 , 1
0 , 239 , 344 , 0
0 , 239 , 363 , 0
0 , 239 , 376 , 0
1 , 252 , 330 , 13
1 , 252 , 347 , 0
1 , 252 , 379 , 0
1 , 253 , 362 , 1
1 , 254 , 393 , 1
1 , 254 , 411 , 0
1 , 254 , 426 , 0
1 , 254 , 444 , 0
1 , 254 , 459 , 0
2 , 268 , 344 , 14
2 , 268 , 395 , 0
2 , 268 , 409 , 0
2 , 268 , 428 , 0
2 , 268 , 459 , 0
2 , 270 , 329 , 2
2 , 270 , 362 , 0
2 , 270 , 377 , 0
2 , 270 , 443 , 0
3 , 284 , 329 , 14
3 , 286 , 346 , 2
3 , 286 , 362 , 0
3 , 286 , 378 , 0
3 , 286 , 393 , 0
3 , 286 , 411 , 0
3 , 286 , 426 , 0
3 , 286 , 443 , 0
3 , 287 , 459 , 1
4 , 300 , 346 , 13
4 , 300 , 362 , 0
4 , 300 , 395 , 0
4 , 300 , 409 , 0
4 , 300 , 459 , 0
4 , 301 , 426 , 1
4 , 301 , 443 , 0
4 , 302 , 329 , 1
4 , 302 , 378 , 0
5 , 315 , 330 , 13
5 , 316 , 346 , 1
5 , 317 , 411 , 1
5 , 317 , 426 , 0
5 , 318 , 362 , 1
5 , 318 , 378 , 0
5 , 318 , 393 , 0
5 , 319 , 442 , 1
5 , 319 , 460 , 0
6 , 325 , 297 , 6
7 , 332 , 362 , 7
7 , 333 , 426 , 1
7 , 333 , 442 , 0
7 , 333 , 459 , 0
7 , 334 , 329 , 1
7 , 334 , 346 , 0
7 , 334 , 378 , 0
7 , 334 , 394 , 0
7 , 335 , 411 , 1
8 , 347 , 329 , 12
8 , 348 , 344 , 1
8 , 350 , 362 , 2
8 , 350 , 378 , 0
8 , 351 , 395 , 1
8 , 351 , 409 , 0
8 , 351 , 426 , 0
8 , 351 , 444 , 0
8 , 352 , 459 , 1
9 , 364 , 346 , 12
9 , 364 , 360 , 0
9 , 365 , 378 , 1
9 , 365 , 393 , 0
9 , 365 , 411 , 0
9 , 366 , 426 , 1
9 , 366 , 445 , 0
9 , 366 , 459 , 0
10 , 511 , 303 , 145
######################################
######################################
###################################### udx :  129 80 81
###################################### udx :  1.5925925925925926
0 , 238 , 409 , 0
0 , 238 , 428 , 0
0 , 238 , 443 , 0
0 , 239 , 330 , 1
0 , 239 , 344 , 0
0 , 239 , 363 , 0
0 , 239 , 376 , 0
1 , 252 , 330 , 13
1 , 252 , 379 , 0
1 , 253 , 362 , 1
1 , 254 , 393 , 1
1 , 254 , 411 , 0
1 , 254 , 426 , 0
1 , 254 , 444 , 0
1 , 254 , 459 , 0
1 , 255 , 344 , 1
2 , 268 , 344 , 13
2 , 268 , 395 , 0
2 , 268 , 409 , 0
2 , 268 , 428 , 0
2 , 268 , 459 , 0
3 , 270 , 329 , 2
3 , 270 , 362 , 0
3 , 270 , 443 , 0
3 , 271 , 379 , 1
4 , 284 , 329 , 13
4 , 284 , 360 , 0
4 , 285 , 443 , 1
4 , 286 , 346 , 1
4 , 286 , 378 , 0
4 , 286 , 393 , 0
4 , 286 , 411 , 0
4 , 286 , 426 , 0
4 , 287 , 459 , 1
5 , 300 , 346 , 13
5 , 300 , 376 , 0
5 , 300 , 395 , 0
5 , 300 , 409 , 0
5 , 300 , 459 , 0
5 , 301 , 426 , 1
5 , 301 , 444 , 0
5 , 302 , 329 , 1
5 , 302 , 360 , 0
6 , 316 , 329 , 14
6 , 316 , 362 , 0
6 , 317 , 411 , 1
6 , 317 , 426 , 0
6 , 317 , 444 , 0
6 , 318 , 344 , 1
6 , 318 , 378 , 0
6 , 318 , 393 , 0
6 , 319 , 460 , 1
7 , 325 , 297 , 6
8 , 332 , 360 , 7
8 , 333 , 329 , 1
8 , 333 , 426 , 0
8 , 333 , 459 , 0
8 , 334 , 346 , 1
8 , 334 , 378 , 0
8 , 334 , 394 , 0
8 , 335 , 411 , 1
8 , 335 , 444 , 0
9 , 347 , 329 , 12
9 , 348 , 344 , 1
9 , 349 , 411 , 1
9 , 350 , 362 , 1
9 , 350 , 376 , 0
9 , 351 , 395 , 1
9 , 351 , 426 , 0
9 , 351 , 443 , 0
9 , 352 , 459 , 1
10 , 364 , 346 , 12
10 , 364 , 360 , 0
10 , 365 , 378 , 1
10 , 365 , 393 , 0
10 , 365 , 411 , 0
10 , 366 , 426 , 1
10 , 366 , 445 , 0
10 , 366 , 459 , 0
10 , 367 , 126 , 1
######################################
######################################
###################################### udx :  273 80 81
###################################### udx :  3.3703703703703702
0 , 238 , 409 , 0
0 , 238 , 428 , 0
0 , 238 , 443 , 0
0 , 239 , 330 , 1
0 , 239 , 344 , 0
0 , 239 , 363 , 0
0 , 239 , 376 , 0
1 , 252 , 330 , 13
1 , 252 , 379 , 0
1 , 253 , 362 , 1
1 , 253 , 411 , 0
1 , 254 , 393 , 1
1 , 254 , 426 , 0
1 , 254 , 444 , 0
1 , 254 , 459 , 0
1 , 255 , 344 , 1
2 , 268 , 344 , 13
2 , 268 , 376 , 0
2 , 268 , 409 , 0
2 , 268 , 428 , 0
2 , 268 , 459 , 0
2 , 270 , 329 , 2
2 , 270 , 362 , 0
2 , 270 , 393 , 0
2 , 270 , 443 , 0
3 , 284 , 330 , 14
3 , 284 , 346 , 0
3 , 284 , 360 , 0
3 , 285 , 411 , 1
3 , 285 , 443 , 0
3 , 286 , 378 , 1
3 , 286 , 393 , 0
3 , 286 , 426 , 0
3 , 287 , 459 , 1
4 , 300 , 346 , 13
4 , 300 , 409 , 0
4 , 300 , 459 , 0
4 , 301 , 444 , 1
4 , 302 , 329 , 1
4 , 302 , 360 , 0
4 , 302 , 378 , 0
4 , 302 , 393 , 0
4 , 302 , 426 , 0
5 , 316 , 329 , 14
5 , 316 , 346 , 0
5 , 316 , 362 , 0
5 , 317 , 411 , 1
5 , 318 , 378 , 1
5 , 318 , 393 , 0
5 , 318 , 443 , 0
5 , 319 , 428 , 1
5 , 319 , 460 , 0
6 , 325 , 297 , 6
7 , 332 , 360 , 7
7 , 333 , 329 , 1
7 , 333 , 411 , 0
7 , 333 , 426 , 0
7 , 333 , 459 , 0
7 , 334 , 346 , 1
7 , 334 , 378 , 0
7 , 334 , 394 , 0
7 , 335 , 444 , 1
8 , 347 , 329 , 12
8 , 348 , 344 , 1
8 , 350 , 362 , 2
8 , 350 , 378 , 0
8 , 351 , 395 , 1
8 , 351 , 409 , 0
8 , 351 , 426 , 0
8 , 351 , 444 , 0
8 , 352 , 459 , 1
9 , 364 , 346 , 12
9 , 364 , 360 , 0
9 , 365 , 378 , 1
9 , 365 , 393 , 0
9 , 365 , 411 , 0
9 , 366 , 426 , 1
9 , 366 , 445 , 0
9 , 366 , 459 , 0
10 , 511 , 303 , 145
######################################


1 , 183 , 256 , 6
1 , 184 , 283 , 1
1 , 187 , 272 , 3
2 , 194 , 234 , 7
2 , 194 , 260 , 0
2 , 194 , 287 , 0
3 , 200 , 250 , 6
3 , 200 , 278 , 0
3 , 201 , 221 , 1
4 , 205 , 238 , 4
4 , 205 , 265 , 0
5 , 210 , 283 , 5
5 , 211 , 227 , 1
5 , 211 , 255 , 0
5 , 212 , 199 , 1
6 , 216 , 244 , 4
6 , 216 , 298 , 0
6 , 217 , 189 , 1
6 , 217 , 216 , 0
6 , 217 , 273 , 0
7 , 222 , 205 , 5
7 , 222 , 233 , 0
7 , 222 , 260 , 0
7 , 222 , 288 , 0
8 , 227 , 194 , 5
8 , 228 , 222 , 1
8 , 228 , 250 , 0
8 , 228 , 277 , 0
8 , 229 , 304 , 1
8 , 232 , 211 , 3
8 , 233 , 265 , 1
8 , 233 , 294 , 0
8 , 234 , 238 , 1
8 , 237 , 200 , 3
8 , 238 , 309 , 1
8 , 239 , 227 , 1
8 , 239 , 255 , 0
8 , 239 , 282 , 0
9 , 243 , 272 , 4
9 , 244 , 244 , 1
9 , 245 , 216 , 1
9 , 245 , 300 , 0
10 , 249 , 205 , 4
10 , 250 , 233 , 1
10 , 250 , 260 , 0
10 , 250 , 288 , 0
10 , 252 , 315 , 2
11 , 256 , 223 , 4
11 , 256 , 250 , 0
11 , 256 , 278 , 0
11 , 257 , 304 , 1
12 , 261 , 266 , 4
12 , 262 , 211 , 1
12 , 262 , 238 , 0
12 , 262 , 293 , 0
12 , 265 , 311 , 3
12 , 267 , 255 , 2
12 , 267 , 283 , 0
12 , 268 , 227 , 1
12 , 271 , 216 , 3
12 , 272 , 244 , 1
12 , 272 , 271 , 0
12 , 272 , 298 , 0
13 , 277 , 288 , 5
13 , 278 , 233 , 1
13 , 279 , 260 , 1
14 , 283 , 248 , 4
14 , 283 , 275 , 0
14 , 284 , 222 , 1
15 , 288 , 266 , 4
15 , 290 , 238 , 2
15 , 293 , 227 , 3
15 , 294 , 199 , 1
15 , 294 , 253 , 0
16 , 299 , 244 , 5
17 , 369 , 467 , 70
18 , 412 , 266 , 43
19 , 436 , 72 , 24
20 , 446 , 74 , 10
21 , 495 , 71 , 49
######################################
######################################
###################################### udx :  319 80 81
###################################### udx :  3.9382716049382718
1 , 183 , 256 , 9
1 , 185 , 282 , 2
1 , 187 , 272 , 2
1 , 190 , 243 , 3
2 , 194 , 287 , 4
2 , 195 , 234 , 1
2 , 195 , 260 , 0
3 , 200 , 249 , 5
3 , 200 , 277 , 0
3 , 201 , 221 , 1
4 , 206 , 212 , 5
4 , 206 , 238 , 0
4 , 206 , 266 , 0
4 , 208 , 293 , 2
4 , 210 , 283 , 2
4 , 211 , 255 , 1
4 , 212 , 199 , 1
4 , 212 , 228 , 0
5 , 216 , 244 , 4
5 , 217 , 216 , 1
5 , 217 , 271 , 0
5 , 219 , 299 , 2
5 , 222 , 205 , 3
5 , 223 , 233 , 1
5 , 223 , 260 , 0
5 , 223 , 289 , 0
6 , 227 , 194 , 4
6 , 228 , 221 , 1
6 , 228 , 249 , 0
6 , 228 , 276 , 0
6 , 230 , 304 , 2
6 , 233 , 211 , 3
6 , 234 , 266 , 1
6 , 234 , 294 , 0
6 , 235 , 238 , 1
7 , 239 , 227 , 4
7 , 239 , 255 , 0
7 , 239 , 281 , 0
7 , 239 , 309 , 0
7 , 240 , 200 , 1
8 , 244 , 244 , 4
8 , 245 , 216 , 1
8 , 245 , 298 , 0
8 , 246 , 271 , 1
8 , 249 , 205 , 3
8 , 250 , 288 , 1
8 , 251 , 234 , 1
8 , 251 , 260 , 0
8 , 252 , 315 , 1
8 , 255 , 222 , 3
8 , 256 , 276 , 1
8 , 257 , 249 , 1
8 , 257 , 304 , 0
9 , 262 , 211 , 5
9 , 262 , 239 , 0
9 , 262 , 267 , 0
9 , 262 , 294 , 0
10 , 266 , 310 , 4
10 , 267 , 226 , 1
10 , 267 , 254 , 0
10 , 268 , 282 , 1
11 , 272 , 216 , 4
11 , 272 , 297 , 0
11 , 273 , 245 , 1
11 , 273 , 272 , 0
12 , 277 , 288 , 4
12 , 278 , 232 , 1
12 , 279 , 260 , 1
13 , 283 , 275 , 4
13 , 284 , 222 , 1
13 , 284 , 250 , 0
14 , 288 , 266 , 4
14 , 290 , 238 , 2
15 , 294 , 199 , 4
15 , 294 , 227 , 0
16 , 299 , 244 , 5
17 , 369 , 467 , 70
18 , 434 , 73 , 65
19 , 445 , 76 , 11
20 , 493 , 72 , 48
######################################
######################################
###################################### udx :  234 79 80
###################################### udx :  2.925
1 , 183 , 256 , 5
1 , 185 , 282 , 2
2 , 190 , 243 , 5
2 , 190 , 271 , 0
3 , 194 , 287 , 4
3 , 195 , 234 , 1
3 , 196 , 260 , 1
4 , 200 , 249 , 4
4 , 200 , 277 , 0
4 , 201 , 221 , 1
5 , 206 , 212 , 5
5 , 206 , 238 , 0
5 , 206 , 266 , 0
5 , 208 , 293 , 2
6 , 211 , 255 , 3
6 , 212 , 199 , 1
6 , 212 , 228 , 0
6 , 213 , 282 , 1
7 , 216 , 244 , 3
7 , 217 , 189 , 1
7 , 217 , 216 , 0
7 , 217 , 271 , 0
7 , 219 , 299 , 2
8 , 222 , 205 , 3
8 , 222 , 288 , 0
8 , 223 , 233 , 1
8 , 223 , 260 , 0
9 , 227 , 194 , 4
9 , 228 , 221 , 1
9 , 228 , 249 , 0
9 , 228 , 276 , 0
9 , 230 , 304 , 2
10 , 233 , 266 , 3
10 , 234 , 211 , 1
10 , 234 , 238 , 0
10 , 234 , 294 , 0
11 , 239 , 226 , 5
11 , 239 , 255 , 0
11 , 239 , 281 , 0
11 , 239 , 309 , 0
11 , 240 , 200 , 1
12 , 244 , 244 , 4
12 , 245 , 216 , 1
12 , 245 , 271 , 0
12 , 245 , 298 , 0
13 , 249 , 205 , 4
13 , 250 , 232 , 1
13 , 250 , 288 , 0
13 , 251 , 260 , 1
13 , 252 , 315 , 1
14 , 255 , 277 , 3
14 , 256 , 222 , 1
14 , 257 , 249 , 1
14 , 257 , 304 , 0
15 , 262 , 211 , 5
15 , 262 , 238 , 0
15 , 262 , 267 , 0
15 , 262 , 293 , 0
16 , 266 , 310 , 4
16 , 267 , 254 , 1
16 , 268 , 227 , 1
16 , 268 , 282 , 0
17 , 272 , 216 , 4
17 , 272 , 297 , 0
17 , 273 , 245 , 1
17 , 273 , 272 , 0
18 , 277 , 288 , 4
18 , 278 , 232 , 1
18 , 278 , 260 , 0
19 , 283 , 275 , 5
19 , 284 , 222 , 1
19 , 284 , 250 , 0
20 , 288 , 266 , 4
20 , 290 , 238 , 2
21 , 294 , 199 , 4
21 , 294 , 227 , 0
22 , 299 , 244 , 5
23 , 369 , 467 , 70
24 , 412 , 266 , 43
######################################
######################################
###################################### udx :  234 78 79
###################################### udx :  2.962025316455696
1 , 183 , 256 , 5
1 , 185 , 282 , 2
2 , 188 , 272 , 3
2 , 190 , 243 , 2
3 , 194 , 287 , 4
3 , 195 , 234 , 1
3 , 196 , 260 , 1
4 , 200 , 277 , 4
4 , 201 , 221 , 1
4 , 201 , 249 , 0
5 , 206 , 212 , 5
5 , 206 , 238 , 0
5 , 206 , 266 , 0
6 , 211 , 255 , 5
6 , 212 , 199 , 1
6 , 212 , 228 , 0
6 , 212 , 284 , 0
7 , 217 , 216 , 5
7 , 217 , 244 , 0
7 , 217 , 271 , 0
7 , 217 , 298 , 0
8 , 223 , 205 , 6
8 , 223 , 233 , 0
8 , 223 , 289 , 0
8 , 224 , 260 , 1
9 , 227 , 194 , 3
9 , 228 , 221 , 1
9 , 228 , 249 , 0
9 , 228 , 276 , 0
9 , 230 , 304 , 2
10 , 233 , 211 , 3
10 , 233 , 294 , 0
10 , 234 , 266 , 1
10 , 235 , 238 , 1
11 , 238 , 283 , 3
11 , 239 , 227 , 1
11 , 239 , 255 , 0
11 , 239 , 309 , 0
11 , 240 , 200 , 1
12 , 245 , 216 , 5
12 , 245 , 244 , 0
12 , 245 , 271 , 0
12 , 245 , 299 , 0
13 , 250 , 205 , 5
13 , 251 , 234 , 1
13 , 251 , 288 , 0
13 , 252 , 260 , 1
13 , 252 , 315 , 0
14 , 256 , 221 , 4
14 , 256 , 277 , 0
14 , 256 , 304 , 0
14 , 257 , 249 , 1
15 , 262 , 211 , 5
15 , 262 , 267 , 0
15 , 263 , 238 , 1
15 , 263 , 293 , 0
16 , 266 , 283 , 3
16 , 266 , 310 , 0
16 , 267 , 226 , 1
16 , 267 , 254 , 0
17 , 272 , 216 , 5
17 , 273 , 245 , 1
17 , 273 , 272 , 0
17 , 273 , 298 , 0
18 , 277 , 288 , 4
18 , 278 , 232 , 1
18 , 278 , 260 , 0
19 , 282 , 222 , 4
19 , 284 , 250 , 2
19 , 284 , 276 , 0
20 , 288 , 239 , 4
20 , 288 , 266 , 0
21 , 294 , 199 , 6
21 , 294 , 227 , 0
21 , 295 , 254 , 1
22 , 299 , 244 , 4
23 , 369 , 467 , 70
24 , 412 , 267 , 43
######################################
Frames per Second: 2.364991727827714
pi@raspberrypi:~/workspace/vision_besed_vehicle_platooning $ 
